free_thresh: 0.196
image: map.pgm
negate: 0
occupied_thresh: 0.5
origin: [-50.6499999999999915, -60.199999999999989, 0.0]
resolution: 0.5
